110001000000100101110011001000
010100001100011101010111100110
000110011010011111100010100010
111101110110011101110100110001
000110001000100011001101100010
101111001110110010111101001111
001110000101101001101000001101
111001110000101011111111110100
110000000000110111111001100100
111001110100111110001110111011
111010100010010100000001101100
010111110011001111110100001001
010100111011000001100000011010
010001010110111100100111001101
111111010001011100101100110110
101000110110010111111011001001
111011000100101111101001100010
101001100011010100010000100001
111111100111111110010111110010
010000010000011001001010010011
111010110011011111101100110110
011100110001101001100000000110
111110100101010000100011011010
111100011111000011110001001111
111000111111101011111011100100
101011000011001110101011000011
001101011101000001100101101001
010010100000011011100101010001
010111101001110100010110010010
110000011010111110100110000010
