000001000000000001110011
110100010110101000010011
011101110000001101001110
000110111000110101101100
101101011010010011101010
111000100101110100101000
110001011100000000000101
100000010001100000000010
000110010010110110101001
011101101011111011100000
011000101010111011111100
100011110010000100100111
000111010010100010001110
011001010001001111110101
110001000010111000100000
000000101100101000101001
111001010010010011110110
100000110001111111011010
110100000011100100110010
101000110111001110010000
110000000010011100100101
111111011011111100010101
000000000110101011100000
110001111100000011001111
